,Zone,Price,Room,Size,Floor,Price/Size,Price/Room,Price/Floor,Number_of_house
0,murano-le-vignole-sant-erasmo,340447.36842105264,4.2105263157894735,126.02631578947368,1.4736842105263157,2792.668924980329,81443.42105263157,81443.42105263157,38
1,guglie-san-leonardo-santi-apostoli,617736.8322368421,4.088815789473684,129.07236842105263,1.9769736842105263,4857.079757967244,150237.71683114034,150237.71683114034,304
2,san-marco-rialto,753958.984375,4.05859375,127.10546875,2.3359375,5622.186324874665,179150.09765625,179150.09765625,256
3,san-polo-santa-croce,661174.4966442953,4.046979865771812,130.4295302013423,1.9530201342281879,5176.847003582108,164343.9597315436,164343.9597315436,149
4,santi-giovanni-paolo-san-francesco,750476.1025641026,4.02051282051282,137.35897435897436,2.1076923076923078,5208.2892726185955,178505.09401709403,178505.09401709403,195
5,accademia-dorso-duro-san-barnaba,596864.0,3.96,115.208,1.712,5309.697554764173,154825.06666666665,154825.06666666665,125
6,lido-di-venezia-malamocco-alberoni,382203.3333333333,3.8727272727272726,105.61212121212121,1.9393939393939394,3724.8921953040076,101702.86868686868,101702.86868686868,165
7,mestre-chirignago-marghera-catene,194596.3829787234,3.823404255319149,105.01702127659574,2.727659574468085,1808.5409126007405,51017.255319148935,51017.255319148935,470
8,arsenale-biennale-sant-elena,457577.5862068966,3.810344827586207,104.04310344827586,1.9482758620689655,4390.980377637462,118463.50574712643,118463.50574712643,116
9,burano-mazzorbo-torcello,256000.0,3.75,92.5,2.0,2819.3036503138806,71087.5,71087.5,4
10,carpenedo-favaro-campalto-aeroporto,178603.85852090034,3.733118971061093,93.64630225080386,2.536977491961415,1859.474237350557,47874.383708467314,47874.383708467314,311
11,giudecca,545213.1147540984,3.7049180327868854,111.42622950819673,1.901639344262295,5023.507809503457,152825.40983606558,152825.40983606558,61
12,cipressina-zelarino-asseggiano,202746.98795180724,3.674698795180723,91.39759036144578,2.072289156626506,2128.9888898009376,54892.77108433735,54892.77108433735,83
13,dese-favorita-trivignano-gatta,189564.10256410256,3.6666666666666665,94.84615384615384,1.8461538461538463,1959.3156260611931,50871.794871794875,50871.794871794875,39
